(kicad_pcb (version 20171130) (host pcbnew 5.1.2-f72e74a~84~ubuntu18.04.1)

  (general
    (thickness 1.6)
    (drawings 32)
    (tracks 857)
    (zones 0)
    (modules 93)
    (nets 96)
  )

  (page A4)
  (title_block
    (title Chaac)
    (date 2019-05-23)
    (rev 2.0)
    (company @alvaroprieto)
  )

  (layers
    (0 F.Cu signal)
    (31 B.Cu signal)
    (32 B.Adhes user)
    (33 F.Adhes user)
    (34 B.Paste user)
    (35 F.Paste user)
    (36 B.SilkS user)
    (37 F.SilkS user)
    (38 B.Mask user)
    (39 F.Mask user)
    (40 Dwgs.User user)
    (41 Cmts.User user)
    (42 Eco1.User user)
    (43 Eco2.User user)
    (44 Edge.Cuts user)
    (45 Margin user)
    (46 B.CrtYd user)
    (47 F.CrtYd user)
    (48 B.Fab user)
    (49 F.Fab user hide)
  )

  (setup
    (last_trace_width 0.3048)
    (user_trace_width 0.1524)
    (user_trace_width 0.2032)
    (user_trace_width 0.254)
    (user_trace_width 0.3048)
    (user_trace_width 0.381)
    (user_trace_width 0.508)
    (user_trace_width 0.635)
    (user_trace_width 1.016)
    (trace_clearance 0.1524)
    (zone_clearance 0.2032)
    (zone_45_only no)
    (trace_min 0.1524)
    (via_size 0.508)
    (via_drill 0.254)
    (via_min_size 0.508)
    (via_min_drill 0.254)
    (uvia_size 0.508)
    (uvia_drill 0.254)
    (uvias_allowed no)
    (uvia_min_size 0.2)
    (uvia_min_drill 0.1)
    (edge_width 0.15)
    (segment_width 0.2)
    (pcb_text_width 0.3)
    (pcb_text_size 1.5 1.5)
    (mod_edge_width 0.15)
    (mod_text_size 1 1)
    (mod_text_width 0.15)
    (pad_size 1.524 1.524)
    (pad_drill 0.762)
    (pad_to_mask_clearance 0.0508)
    (solder_mask_min_width 0.25)
    (aux_axis_origin 0 0)
    (visible_elements FFFFFF7F)
    (pcbplotparams
      (layerselection 0x010fc_ffffffff)
      (usegerberextensions false)
      (usegerberattributes true)
      (usegerberadvancedattributes false)
      (creategerberjobfile false)
      (excludeedgelayer true)
      (linewidth 0.100000)
      (plotframeref false)
      (viasonmask false)
      (mode 1)
      (useauxorigin false)
      (hpglpennumber 1)
      (hpglpenspeed 20)
      (hpglpendiameter 15.000000)
      (psnegative false)
      (psa4output false)
      (plotreference true)
      (plotvalue true)
      (plotinvisibletext false)
      (padsonsilk false)
      (subtractmaskfromsilk false)
      (outputformat 1)
      (mirror false)
      (drillshape 0)
      (scaleselection 1)
      (outputdirectory "gerber/"))
  )

  (net 0 "")
  (net 1 GND)
  (net 2 +3V3)
  (net 3 "Net-(J1-Pad1)")
  (net 4 "Net-(J1-Pad2)")
  (net 5 "Net-(J1-Pad3)")
  (net 6 "Net-(J1-Pad4)")
  (net 7 "Net-(J1-Pad5)")
  (net 8 "Net-(J1-Pad6)")
  (net 9 /SCL)
  (net 10 /SDA)
  (net 11 /RAIN)
  (net 12 /WDIR)
  (net 13 /WSPEED)
  (net 14 "Net-(U1-Pad4)")
  (net 15 /XB_RX)
  (net 16 /XB_TX)
  (net 17 /XB_ON)
  (net 18 "Net-(U3-Pad4)")
  (net 19 "Net-(U3-Pad6)")
  (net 20 "Net-(U3-Pad7)")
  (net 21 "Net-(U3-Pad8)")
  (net 22 "Net-(U3-Pad11)")
  (net 23 "Net-(U3-Pad12)")
  (net 24 "Net-(U3-Pad14)")
  (net 25 "Net-(U3-Pad15)")
  (net 26 "Net-(U3-Pad16)")
  (net 27 "Net-(U3-Pad17)")
  (net 28 "Net-(U3-Pad18)")
  (net 29 "Net-(U3-Pad19)")
  (net 30 "Net-(U3-Pad20)")
  (net 31 "Net-(J1-Pad11)")
  (net 32 "Net-(J1-Pad10)")
  (net 33 "Net-(J1-Pad8)")
  (net 34 "Net-(J1-Pad9)")
  (net 35 /XB_nSBY)
  (net 36 "Net-(J1-Pad12)")
  (net 37 "Net-(J1-Pad7)")
  (net 38 "Net-(C17-Pad1)")
  (net 39 /nRST)
  (net 40 /MCP_VIN)
  (net 41 /VBATT)
  (net 42 /VIN)
  (net 43 /SOLAR_IN)
  (net 44 "Net-(D2-Pad1)")
  (net 45 "Net-(D3-Pad1)")
  (net 46 "Net-(D4-Pad1)")
  (net 47 "Net-(D5-Pad2)")
  (net 48 /UART_RX)
  (net 49 /SWDIO)
  (net 50 /SWCLK)
  (net 51 "Net-(J8-Pad6)")
  (net 52 "Net-(J9-Pad2)")
  (net 53 /BATT)
  (net 54 /UART_TX)
  (net 55 "Net-(R18-Pad2)")
  (net 56 "Net-(R19-Pad2)")
  (net 57 "Net-(R20-Pad1)")
  (net 58 /LED1)
  (net 59 "Net-(C7-Pad2)")
  (net 60 /SNS_3V3)
  (net 61 /SNS_3V3_EN)
  (net 62 "Net-(R22-Pad1)")
  (net 63 "Net-(R23-Pad1)")
  (net 64 "Net-(R24-Pad1)")
  (net 65 "Net-(R26-Pad1)")
  (net 66 "Net-(U2-Pad21)")
  (net 67 /VSOLAR)
  (net 68 "Net-(D6-Pad2)")
  (net 69 /LED2)
  (net 70 /BOOT)
  (net 71 "Net-(C9-Pad1)")
  (net 72 "Net-(C13-Pad1)")
  (net 73 "Net-(C18-Pad2)")
  (net 74 "Net-(C20-Pad2)")
  (net 75 "Net-(C22-Pad1)")
  (net 76 "Net-(C23-Pad2)")
  (net 77 "Net-(C29-Pad1)")
  (net 78 "Net-(C30-Pad1)")
  (net 79 "Net-(C33-Pad1)")
  (net 80 "Net-(F1-Pad1)")
  (net 81 "Net-(L1-Pad2)")
  (net 82 "Net-(L2-Pad2)")
  (net 83 "Net-(U2-Pad4)")
  (net 84 "Net-(U2-Pad5)")
  (net 85 "Net-(U2-Pad44)")
  (net 86 "Net-(U2-Pad18)")
  (net 87 "Net-(U2-Pad19)")
  (net 88 "Net-(U2-Pad20)")
  (net 89 "Net-(U2-Pad22)")
  (net 90 "Net-(U2-Pad23)")
  (net 91 "Net-(U2-Pad27)")
  (net 92 "Net-(U2-Pad28)")
  (net 93 "Net-(U2-Pad29)")
  (net 94 "Net-(R10-Pad1)")
  (net 95 "Net-(U2-Pad8)")

  (net_class Default "This is the default net class."
    (clearance 0.1524)
    (trace_width 0.1524)
    (via_dia 0.508)
    (via_drill 0.254)
    (uvia_dia 0.508)
    (uvia_drill 0.254)
    (diff_pair_width 0.1524)
    (diff_pair_gap 0.1524)
    (add_net +3V3)
    (add_net /BATT)
    (add_net /BOOT)
    (add_net /LED1)
    (add_net /LED2)
    (add_net /MCP_VIN)
    (add_net /RAIN)
    (add_net /SCL)
    (add_net /SDA)
    (add_net /SNS_3V3)
    (add_net /SNS_3V3_EN)
    (add_net /SOLAR_IN)
    (add_net /SWCLK)
    (add_net /SWDIO)
    (add_net /UART_RX)
    (add_net /UART_TX)
    (add_net /VBATT)
    (add_net /VIN)
    (add_net /VSOLAR)
    (add_net /WDIR)
    (add_net /WSPEED)
    (add_net /XB_ON)
    (add_net /XB_RX)
    (add_net /XB_TX)
    (add_net /XB_nSBY)
    (add_net /nRST)
    (add_net GND)
    (add_net "Net-(C13-Pad1)")
    (add_net "Net-(C17-Pad1)")
    (add_net "Net-(C18-Pad2)")
    (add_net "Net-(C20-Pad2)")
    (add_net "Net-(C22-Pad1)")
    (add_net "Net-(C23-Pad2)")
    (add_net "Net-(C29-Pad1)")
    (add_net "Net-(C30-Pad1)")
    (add_net "Net-(C33-Pad1)")
    (add_net "Net-(C7-Pad2)")
    (add_net "Net-(C9-Pad1)")
    (add_net "Net-(D2-Pad1)")
    (add_net "Net-(D3-Pad1)")
    (add_net "Net-(D4-Pad1)")
    (add_net "Net-(D5-Pad2)")
    (add_net "Net-(D6-Pad2)")
    (add_net "Net-(F1-Pad1)")
    (add_net "Net-(J1-Pad1)")
    (add_net "Net-(J1-Pad10)")
    (add_net "Net-(J1-Pad11)")
    (add_net "Net-(J1-Pad12)")
    (add_net "Net-(J1-Pad2)")
    (add_net "Net-(J1-Pad3)")
    (add_net "Net-(J1-Pad4)")
    (add_net "Net-(J1-Pad5)")
    (add_net "Net-(J1-Pad6)")
    (add_net "Net-(J1-Pad7)")
    (add_net "Net-(J1-Pad8)")
    (add_net "Net-(J1-Pad9)")
    (add_net "Net-(J8-Pad6)")
    (add_net "Net-(J9-Pad2)")
    (add_net "Net-(L1-Pad2)")
    (add_net "Net-(L2-Pad2)")
    (add_net "Net-(R10-Pad1)")
    (add_net "Net-(R18-Pad2)")
    (add_net "Net-(R19-Pad2)")
    (add_net "Net-(R20-Pad1)")
    (add_net "Net-(R22-Pad1)")
    (add_net "Net-(R23-Pad1)")
    (add_net "Net-(R24-Pad1)")
    (add_net "Net-(R26-Pad1)")
    (add_net "Net-(U1-Pad4)")
    (add_net "Net-(U2-Pad18)")
    (add_net "Net-(U2-Pad19)")
    (add_net "Net-(U2-Pad20)")
    (add_net "Net-(U2-Pad21)")
    (add_net "Net-(U2-Pad22)")
    (add_net "Net-(U2-Pad23)")
    (add_net "Net-(U2-Pad27)")
    (add_net "Net-(U2-Pad28)")
    (add_net "Net-(U2-Pad29)")
    (add_net "Net-(U2-Pad4)")
    (add_net "Net-(U2-Pad44)")
    (add_net "Net-(U2-Pad5)")
    (add_net "Net-(U2-Pad8)")
    (add_net "Net-(U3-Pad11)")
    (add_net "Net-(U3-Pad12)")
    (add_net "Net-(U3-Pad14)")
    (add_net "Net-(U3-Pad15)")
    (add_net "Net-(U3-Pad16)")
    (add_net "Net-(U3-Pad17)")
    (add_net "Net-(U3-Pad18)")
    (add_net "Net-(U3-Pad19)")
    (add_net "Net-(U3-Pad20)")
    (add_net "Net-(U3-Pad4)")
    (add_net "Net-(U3-Pad6)")
    (add_net "Net-(U3-Pad7)")
    (add_net "Net-(U3-Pad8)")
  )

  (module MountingHole:MountingHole_3.2mm_M3 (layer F.Cu) (tedit 56D1B4CB) (tstamp 5CE671C1)
    (at 175 105)
    (descr "Mounting Hole 3.2mm, no annular, M3")
    (tags "mounting hole 3.2mm no annular m3")
    (attr virtual)
    (fp_text reference REF** (at 0 -4.2) (layer F.SilkS) hide
      (effects (font (size 1 1) (thickness 0.15)))
    )
    (fp_text value MountingHole_3.2mm_M3 (at 0 4.2) (layer F.Fab)
      (effects (font (size 1 1) (thickness 0.15)))
    )
    (fp_circle (center 0 0) (end 3.45 0) (layer F.CrtYd) (width 0.05))
    (fp_circle (center 0 0) (end 3.2 0) (layer Cmts.User) (width 0.15))
    (fp_text user %R (at 0.3 0) (layer F.Fab)
      (effects (font (size 1 1) (thickness 0.15)))
    )
    (pad 1 np_thru_hole circle (at 0 0) (size 3.2 3.2) (drill 3.2) (layers *.Cu *.Mask))
  )

  (module MountingHole:MountingHole_3.2mm_M3 (layer F.Cu) (tedit 56D1B4CB) (tstamp 5CE671B3)
    (at 175 50)
    (descr "Mounting Hole 3.2mm, no annular, M3")
    (tags "mounting hole 3.2mm no annular m3")
    (attr virtual)
    (fp_text reference REF** (at 0 -4.2) (layer F.SilkS) hide
      (effects (font (size 1 1) (thickness 0.15)))
    )
    (fp_text value MountingHole_3.2mm_M3 (at 0 4.2) (layer F.Fab)
      (effects (font (size 1 1) (thickness 0.15)))
    )
    (fp_text user %R (at 0.3 0) (layer F.Fab)
      (effects (font (size 1 1) (thickness 0.15)))
    )
    (fp_circle (center 0 0) (end 3.2 0) (layer Cmts.User) (width 0.15))
    (fp_circle (center 0 0) (end 3.45 0) (layer F.CrtYd) (width 0.05))
    (pad 1 np_thru_hole circle (at 0 0) (size 3.2 3.2) (drill 3.2) (layers *.Cu *.Mask))
  )

  (module MountingHole:MountingHole_3.2mm_M3 (layer F.Cu) (tedit 56D1B4CB) (tstamp 5CE671A5)
    (at 105 50)
    (descr "Mounting Hole 3.2mm, no annular, M3")
    (tags "mounting hole 3.2mm no annular m3")
    (attr virtual)
    (fp_text reference REF** (at 0 -4.2) (layer F.SilkS) hide
      (effects (font (size 1 1) (thickness 0.15)))
    )
    (fp_text value MountingHole_3.2mm_M3 (at 0 4.2) (layer F.Fab)
      (effects (font (size 1 1) (thickness 0.15)))
    )
    (fp_circle (center 0 0) (end 3.45 0) (layer F.CrtYd) (width 0.05))
    (fp_circle (center 0 0) (end 3.2 0) (layer Cmts.User) (width 0.15))
    (fp_text user %R (at 0.3 0) (layer F.Fab)
      (effects (font (size 1 1) (thickness 0.15)))
    )
    (pad 1 np_thru_hole circle (at 0 0) (size 3.2 3.2) (drill 3.2) (layers *.Cu *.Mask))
  )

  (module MountingHole:MountingHole_3.2mm_M3 (layer F.Cu) (tedit 56D1B4CB) (tstamp 5CE5FE14)
    (at 105 105)
    (descr "Mounting Hole 3.2mm, no annular, M3")
    (tags "mounting hole 3.2mm no annular m3")
    (attr virtual)
    (fp_text reference REF** (at 0 -4.2) (layer F.SilkS) hide
      (effects (font (size 1 1) (thickness 0.15)))
    )
    (fp_text value MountingHole_3.2mm_M3 (at 0 4.2) (layer F.Fab)
      (effects (font (size 1 1) (thickness 0.15)))
    )
    (fp_text user %R (at 0.3 0) (layer F.Fab)
      (effects (font (size 1 1) (thickness 0.15)))
    )
    (fp_circle (center 0 0) (end 3.2 0) (layer Cmts.User) (width 0.15))
    (fp_circle (center 0 0) (end 3.45 0) (layer F.CrtYd) (width 0.05))
    (pad 1 np_thru_hole circle (at 0 0) (size 3.2 3.2) (drill 3.2) (layers *.Cu *.Mask))
  )

  (module Connector_Coaxial:SMA_Samtec_SMA-J-P-H-ST-EM1_EdgeMount (layer F.Cu) (tedit 5BA382C0) (tstamp 5CE59C4E)
    (at 128.905 107.315 270)
    (descr http://suddendocs.samtec.com/prints/sma-j-p-x-st-em1-mkt.pdf)
    (tags SMA)
    (path /5DD824B7)
    (attr smd)
    (fp_text reference J2 (at -2.921 -5.08) (layer F.SilkS)
      (effects (font (size 1 1) (thickness 0.15)))
    )
    (fp_text value RP_SMA (at 5 5.9 90) (layer F.Fab)
      (effects (font (size 1 1) (thickness 0.15)))
    )
    (fp_line (start -2.76 0.25) (end -2.26 0) (layer F.SilkS) (width 0.12))
    (fp_line (start -2.76 -0.25) (end -2.76 0.25) (layer F.SilkS) (width 0.12))
    (fp_line (start -2.26 0) (end -2.76 -0.25) (layer F.SilkS) (width 0.12))
    (fp_line (start 3.1 0) (end 2.1 0.75) (layer F.Fab) (width 0.1))
    (fp_line (start 2.1 -0.75) (end 3.1 0) (layer F.Fab) (width 0.1))
    (fp_text user %R (at 4.79 0 180) (layer F.Fab)
      (effects (font (size 1 1) (thickness 0.15)))
    )
    (fp_line (start 3 -4) (end -2.6 -4) (layer F.CrtYd) (width 0.05))
    (fp_line (start 12.12 -4.5) (end 12.12 4.5) (layer F.CrtYd) (width 0.05))
    (fp_line (start 3 4) (end -2.6 4) (layer F.CrtYd) (width 0.05))
    (fp_line (start -2.6 4) (end -2.6 -4) (layer F.CrtYd) (width 0.05))
    (fp_line (start 3 -4) (end -2.6 -4) (layer B.CrtYd) (width 0.05))
    (fp_line (start 12.12 -4.5) (end 12.12 4.5) (layer B.CrtYd) (width 0.05))
    (fp_line (start 3 4) (end -2.6 4) (layer B.CrtYd) (width 0.05))
    (fp_line (start -2.6 4) (end -2.6 -4) (layer B.CrtYd) (width 0.05))
    (fp_line (start 11.62 -3.165) (end 11.62 3.165) (layer F.Fab) (width 0.1))
    (fp_line (start -1.71 -3.175) (end 11.62 -3.175) (layer F.Fab) (width 0.1))
    (fp_line (start -1.71 -3.175) (end -1.71 -2.365) (layer F.Fab) (width 0.1))
    (fp_line (start -1.71 -2.365) (end 2.1 -2.365) (layer F.Fab) (width 0.1))
    (fp_line (start 2.1 -2.365) (end 2.1 2.365) (layer F.Fab) (width 0.1))
    (fp_line (start 2.1 2.365) (end -1.71 2.365) (layer F.Fab) (width 0.1))
    (fp_line (start -1.71 2.365) (end -1.71 3.175) (layer F.Fab) (width 0.1))
    (fp_line (start -1.71 3.175) (end 11.62 3.175) (layer F.Fab) (width 0.1))
    (fp_line (start 12.12 4.5) (end 3 4.5) (layer F.CrtYd) (width 0.05))
    (fp_line (start 3 4.5) (end 3 4) (layer F.CrtYd) (width 0.05))
    (fp_line (start 12.12 -4.5) (end 3 -4.5) (layer F.CrtYd) (width 0.05))
    (fp_line (start 3 -4.5) (end 3 -4) (layer F.CrtYd) (width 0.05))
    (fp_line (start 12.12 -4.5) (end 3 -4.5) (layer B.CrtYd) (width 0.05))
    (fp_line (start 3 -4.5) (end 3 -4) (layer B.CrtYd) (width 0.05))
    (fp_line (start 12.12 4.5) (end 3 4.5) (layer B.CrtYd) (width 0.05))
    (fp_line (start 3 4.5) (end 3 4) (layer B.CrtYd) (width 0.05))
    (fp_line (start 2.1 -3.5) (end 2.1 3.5) (layer Dwgs.User) (width 0.1))
    (fp_text user "PCB Edge" (at 2.6 0) (layer Dwgs.User)
      (effects (font (size 0.5 0.5) (thickness 0.1)))
    )
    (pad 2 smd rect (at 0 2.825) (size 1.35 4.2) (layers B.Cu B.Paste B.Mask)
      (net 1 GND))
    (pad 2 smd rect (at 0 -2.825) (size 1.35 4.2) (layers B.Cu B.Paste B.Mask)
      (net 1 GND))
    (pad 2 smd rect (at 0 2.825) (size 1.35 4.2) (layers F.Cu F.Paste F.Mask)
      (net 1 GND))
    (pad 2 smd rect (at 0 -2.825) (size 1.35 4.2) (layers F.Cu F.Paste F.Mask)
      (net 1 GND))
    (pad 1 smd rect (at 0.2 0) (size 1.27 3.6) (layers F.Cu F.Paste F.Mask)
      (net 79 "Net-(C33-Pad1)"))
    (model ${KISYS3DMOD}/Connector_Coaxial.3dshapes/SMA_Samtec_SMA-J-P-H-ST-EM1_EdgeMount.wrl
      (at (xyz 0 0 0))
      (scale (xyz 1 1 1))
      (rotate (xyz 0 0 0))
    )
  )

  (module alvarop:XBEE_S2C_TH (layer F.Cu) (tedit 5BB41CB2) (tstamp 5C3506F6)
    (at 145.732 98.614)
    (path /5BABB5CF)
    (fp_text reference U3 (at -0.032 -10.914) (layer F.SilkS)
      (effects (font (size 1 1) (thickness 0.15)))
    )
    (fp_text value XBEE_S2C (at 0 -8.5) (layer F.Fab)
      (effects (font (size 1 1) (thickness 0.15)))
    )
    (fp_line (start 12 -10) (end -12 -10) (layer F.SilkS) (width 0.15))
    (fp_line (start -12 -10) (end -12 11.5) (layer F.SilkS) (width 0.15))
    (fp_line (start 12 -10) (end 12 11.5) (layer F.SilkS) (width 0.15))
    (fp_line (start 5 18) (end -5 18) (layer F.SilkS) (width 0.15))
    (fp_line (start -5 18) (end -12 11.5) (layer F.SilkS) (width 0.15))
    (fp_line (start 12 11.5) (end 5 18) (layer F.SilkS) (width 0.15))
    (pad 1 thru_hole rect (at 11 9) (size 1.5 1.5) (drill 0.8) (layers *.Cu *.Mask)
      (net 2 +3V3))
    (pad 2 thru_hole circle (at 11 7) (size 1.5 1.5) (drill 0.8) (layers *.Cu *.Mask)
      (net 16 /XB_TX))
    (pad 3 thru_hole circle (at 11 5) (size 1.5 1.5) (drill 0.8) (layers *.Cu *.Mask)
      (net 15 /XB_RX))
    (pad 4 thru_hole circle (at 11 3) (size 1.5 1.5) (drill 0.8) (layers *.Cu *.Mask)
      (net 18 "Net-(U3-Pad4)"))
    (pad 5 thru_hole circle (at 11 1) (size 1.5 1.5) (drill 0.8) (layers *.Cu *.Mask)
      (net 94 "Net-(R10-Pad1)"))
    (pad 6 thru_hole circle (at 11 -1) (size 1.5 1.5) (drill 0.8) (layers *.Cu *.Mask)
      (net 19 "Net-(U3-Pad6)"))
    (pad 7 thru_hole circle (at 11 -3) (size 1.5 1.5) (drill 0.8) (layers *.Cu *.Mask)
      (net 20 "Net-(U3-Pad7)"))
    (pad 8 thru_hole circle (at 11 -5) (size 1.5 1.5) (drill 0.8) (layers *.Cu *.Mask)
      (net 21 "Net-(U3-Pad8)"))
    (pad 9 thru_hole circle (at 11 -7) (size 1.5 1.5) (drill 0.8) (layers *.Cu *.Mask)
      (net 35 /XB_nSBY))
    (pad 10 thru_hole circle (at 11 -9) (size 1.5 1.5) (drill 0.8) (layers *.Cu *.Mask)
      (net 1 GND))
    (pad 11 thru_hole circle (at -11 -9) (size 1.5 1.5) (drill 0.8) (layers *.Cu *.Mask)
      (net 22 "Net-(U3-Pad11)"))
    (pad 12 thru_hole circle (at -11 -7) (size 1.5 1.5) (drill 0.8) (layers *.Cu *.Mask)
      (net 23 "Net-(U3-Pad12)"))
    (pad 13 thru_hole circle (at -11 -5) (size 1.5 1.5) (drill 0.8) (layers *.Cu *.Mask)
      (net 17 /XB_ON))
    (pad 14 thru_hole circle (at -11 -3) (size 1.5 1.5) (drill 0.8) (layers *.Cu *.Mask)
      (net 24 "Net-(U3-Pad14)"))
    (pad 15 thru_hole circle (at -11 -1) (size 1.5 1.5) (drill 0.8) (layers *.Cu *.Mask)
      (net 25 "Net-(U3-Pad15)"))
    (pad 16 thru_hole circle (at -11 1) (size 1.5 1.5) (drill 0.8) (layers *.Cu *.Mask)
      (net 26 "Net-(U3-Pad16)"))
    (pad 17 thru_hole circle (at -11 3) (size 1.5 1.5) (drill 0.8) (layers *.Cu *.Mask)
      (net 27 "Net-(U3-Pad17)"))
    (pad 18 thru_hole circle (at -11 5) (size 1.5 1.5) (drill 0.8) (layers *.Cu *.Mask)
      (net 28 "Net-(U3-Pad18)"))
    (pad 19 thru_hole circle (at -11 7) (size 1.5 1.5) (drill 0.8) (layers *.Cu *.Mask)
      (net 29 "Net-(U3-Pad19)"))
    (pad 20 thru_hole circle (at -11 9) (size 1.5 1.5) (drill 0.8) (layers *.Cu *.Mask)
      (net 30 "Net-(U3-Pad20)"))
  )

  (module Connector_PinHeader_2.54mm:PinHeader_1x03_P2.54mm_Vertical (layer F.Cu) (tedit 59FED5CC) (tstamp 5C682D92)
    (at 117.865 107.873 270)
    (descr "Through hole straight pin header, 1x03, 2.54mm pitch, single row")
    (tags "Through hole pin header THT 1x03 2.54mm single row")
    (path /5C923533)
    (fp_text reference J3 (at 0 -2.33 270) (layer F.SilkS)
      (effects (font (size 1 1) (thickness 0.15)))
    )
    (fp_text value UART (at 0 7.41 270) (layer F.Fab)
      (effects (font (size 1 1) (thickness 0.15)))
    )
    (fp_text user %R (at 0 2.54) (layer F.Fab)
      (effects (font (size 1 1) (thickness 0.15)))
    )
    (fp_line (start 1.8 -1.8) (end -1.8 -1.8) (layer F.CrtYd) (width 0.05))
    (fp_line (start 1.8 6.85) (end 1.8 -1.8) (layer F.CrtYd) (width 0.05))
    (fp_line (start -1.8 6.85) (end 1.8 6.85) (layer F.CrtYd) (width 0.05))
    (fp_line (start -1.8 -1.8) (end -1.8 6.85) (layer F.CrtYd) (width 0.05))
    (fp_line (start -1.33 -1.33) (end 0 -1.33) (layer F.SilkS) (width 0.12))
    (fp_line (start -1.33 0) (end -1.33 -1.33) (layer F.SilkS) (width 0.12))
    (fp_line (start -1.33 1.27) (end 1.33 1.27) (layer F.SilkS) (width 0.12))
    (fp_line (start 1.33 1.27) (end 1.33 6.41) (layer F.SilkS) (width 0.12))
    (fp_line (start -1.33 1.27) (end -1.33 6.41) (layer F.SilkS) (width 0.12))
    (fp_line (start -1.33 6.41) (end 1.33 6.41) (layer F.SilkS) (width 0.12))
    (fp_line (start -1.27 -0.635) (end -0.635 -1.27) (layer F.Fab) (width 0.1))
    (fp_line (start -1.27 6.35) (end -1.27 -0.635) (layer F.Fab) (width 0.1))
    (fp_line (start 1.27 6.35) (end -1.27 6.35) (layer F.Fab) (width 0.1))
    (fp_line (start 1.27 -1.27) (end 1.27 6.35) (layer F.Fab) (width 0.1))
    (fp_line (start -0.635 -1.27) (end 1.27 -1.27) (layer F.Fab) (width 0.1))
    (pad 3 thru_hole oval (at 0 5.08 270) (size 1.7 1.7) (drill 1) (layers *.Cu *.Mask)
      (net 54 /UART_TX))
    (pad 2 thru_hole oval (at 0 2.54 270) (size 1.7 1.7) (drill 1) (layers *.Cu *.Mask)
      (net 48 /UART_RX))
    (pad 1 thru_hole rect (at 0 0 270) (size 1.7 1.7) (drill 1) (layers *.Cu *.Mask)
      (net 1 GND))
    (model ${KISYS3DMOD}/Connector_PinHeader_2.54mm.3dshapes/PinHeader_1x03_P2.54mm_Vertical.wrl
      (at (xyz 0 0 0))
      (scale (xyz 1 1 1))
      (rotate (xyz 0 0 0))
    )
  )

  (module alvarop:BMP280 (layer F.Cu) (tedit 5C44B1AA) (tstamp 5C682F49)
    (at 119.73 59.684 90)
    (path /5C5E4B31)
    (fp_text reference U5 (at 0 2.286 90) (layer F.SilkS)
      (effects (font (size 1 1) (thickness 0.15)))
    )
    (fp_text value BMP280 (at 0 -3.575 90) (layer F.Fab)
      (effects (font (size 1 1) (thickness 0.15)))
    )
    (fp_circle (center 1.5 -1.5) (end 1.7 -1.5) (layer F.SilkS) (width 0.25))
    (pad 1 smd rect (at 0.8 -0.975 90) (size 0.5 0.35) (layers F.Cu F.Paste F.Mask)
      (net 1 GND))
    (pad 2 smd rect (at 0.8 -0.325 90) (size 0.5 0.35) (layers F.Cu F.Paste F.Mask)
      (net 2 +3V3))
    (pad 3 smd rect (at 0.8 0.325 90) (size 0.5 0.35) (layers F.Cu F.Paste F.Mask)
      (net 10 /SDA))
    (pad 4 smd rect (at 0.8 0.975 90) (size 0.5 0.35) (layers F.Cu F.Paste F.Mask)
      (net 9 /SCL))
    (pad 5 smd rect (at -0.8 0.975 90) (size 0.5 0.35) (layers F.Cu F.Paste F.Mask)
      (net 1 GND))
    (pad 6 smd rect (at -0.8 0.325 90) (size 0.5 0.35) (layers F.Cu F.Paste F.Mask)
      (net 2 +3V3))
    (pad 7 smd rect (at -0.8 -0.325 90) (size 0.5 0.35) (layers F.Cu F.Paste F.Mask)
      (net 1 GND))
    (pad 8 smd rect (at -0.8 -0.975 90) (size 0.5 0.35) (layers F.Cu F.Paste F.Mask)
      (net 2 +3V3))
  )

  (module alvarop:043814-6621 (layer F.Cu) (tedit 5C1F9D76) (tstamp 5C34E9D3)
    (at 137.375 50 180)
    (path /5C20BE5F)
    (fp_text reference J1 (at 0.215 -0.8 180) (layer F.SilkS)
      (effects (font (size 1 1) (thickness 0.15)))
    )
    (fp_text value windrain (at 0 -10.16 180) (layer F.Fab)
      (effects (font (size 1 1) (thickness 0.15)))
    )
    (fp_line (start 12.7 -8.89) (end -12.7 -8.89) (layer F.SilkS) (width 0.2))
    (fp_line (start -12.7 5.08) (end -12.7 -8.89) (layer F.SilkS) (width 0.2))
    (fp_line (start 12.7 5.08) (end 12.7 -8.89) (layer F.SilkS) (width 0.2))
    (pad "" np_thru_hole circle (at -10.795 0 180) (size 3.302 3.302) (drill 3.302) (layers *.Cu *.Mask))
    (pad "" np_thru_hole circle (at 10.795 0 180) (size 3.302 3.302) (drill 3.302) (layers *.Cu *.Mask))
    (pad 1 thru_hole circle (at -8.5852 -3.048 180) (size 1.524 1.524) (drill 0.889) (layers *.Cu *.Mask)
      (net 3 "Net-(J1-Pad1)"))
    (pad 2 thru_hole circle (at -7.5692 -5.08 180) (size 1.524 1.524) (drill 0.889) (layers *.Cu *.Mask)
      (net 4 "Net-(J1-Pad2)"))
    (pad 3 thru_hole circle (at -6.5532 -3.048 180) (size 1.524 1.524) (drill 0.889) (layers *.Cu *.Mask)
      (net 5 "Net-(J1-Pad3)"))
    (pad 4 thru_hole circle (at -5.5372 -5.08 180) (size 1.524 1.524) (drill 0.889) (layers *.Cu *.Mask)
      (net 6 "Net-(J1-Pad4)"))
    (pad 5 thru_hole circle (at -4.5212 -3.048 180) (size 1.524 1.524) (drill 0.889) (layers *.Cu *.Mask)
      (net 7 "Net-(J1-Pad5)"))
    (pad 6 thru_hole circle (at -3.5052 -5.08 180) (size 1.524 1.524) (drill 0.889) (layers *.Cu *.Mask)
      (net 8 "Net-(J1-Pad6)"))
    (pad 7 thru_hole circle (at 3.4798 -3.048 180) (size 1.524 1.524) (drill 0.889) (layers *.Cu *.Mask)
      (net 37 "Net-(J1-Pad7)"))
    (pad 8 thru_hole circle (at 4.4958 -5.08 180) (size 1.524 1.524) (drill 0.889) (layers *.Cu *.Mask)
      (net 33 "Net-(J1-Pad8)"))
    (pad 9 thru_hole circle (at 5.5118 -3.048 180) (size 1.524 1.524) (drill 0.889) (layers *.Cu *.Mask)
      (net 34 "Net-(J1-Pad9)"))
    (pad 10 thru_hole circle (at 6.5278 -5.08 180) (size 1.524 1.524) (drill 0.889) (layers *.Cu *.Mask)
      (net 32 "Net-(J1-Pad10)"))
    (pad 11 thru_hole circle (at 7.5438 -3.048 180) (size 1.524 1.524) (drill 0.889) (layers *.Cu *.Mask)
      (net 31 "Net-(J1-Pad11)"))
    (pad 12 thru_hole circle (at 8.5598 -5.08 180) (size 1.524 1.524) (drill 0.889) (layers *.Cu *.Mask)
      (net 36 "Net-(J1-Pad12)"))
    (model /home/alvaro/code/kicad/3d/438146621.stp
      (offset (xyz 0 0.6349999904632568 6.349999904632568))
      (scale (xyz 1 1 1))
      (rotate (xyz -90 0 0))
    )
  )

  (module Resistor_SMD:R_0603_1608Metric (layer F.Cu) (tedit 5B301BBD) (tstamp 5C682EB1)
    (at 153.14 65.602)
    (descr "Resistor SMD 0603 (1608 Metric), square (rectangular) end terminal, IPC_7351 nominal, (Body size source: http://www.tortai-tech.com/upload/download/2011102023233369053.pdf), generated with kicad-footprint-generator")
    (tags resistor)
    (path /5CBA0BC3)
    (attr smd)
    (fp_text reference R20 (at 0.276 -1.594) (layer F.SilkS)
      (effects (font (size 1 1) (thickness 0.15)))
    )
    (fp_text value 270k (at 0 1.43) (layer F.Fab)
      (effects (font (size 1 1) (thickness 0.15)))
    )
    (fp_text user %R (at 0 0) (layer F.Fab)
      (effects (font (size 0.4 0.4) (thickness 0.06)))
    )
    (fp_line (start 1.48 0.73) (end -1.48 0.73) (layer F.CrtYd) (width 0.05))
    (fp_line (start 1.48 -0.73) (end 1.48 0.73) (layer F.CrtYd) (width 0.05))
    (fp_line (start -1.48 -0.73) (end 1.48 -0.73) (layer F.CrtYd) (width 0.05))
    (fp_line (start -1.48 0.73) (end -1.48 -0.73) (layer F.CrtYd) (width 0.05))
    (fp_line (start -0.162779 0.51) (end 0.162779 0.51) (layer F.SilkS) (width 0.12))
    (fp_line (start -0.162779 -0.51) (end 0.162779 -0.51) (layer F.SilkS) (width 0.12))
    (fp_line (start 0.8 0.4) (end -0.8 0.4) (layer F.Fab) (width 0.1))
    (fp_line (start 0.8 -0.4) (end 0.8 0.4) (layer F.Fab) (width 0.1))
    (fp_line (start -0.8 -0.4) (end 0.8 -0.4) (layer F.Fab) (width 0.1))
    (fp_line (start -0.8 0.4) (end -0.8 -0.4) (layer F.Fab) (width 0.1))
    (pad 2 smd roundrect (at 0.7875 0) (size 0.875 0.95) (layers F.Cu F.Paste F.Mask) (roundrect_rratio 0.25)
      (net 40 /MCP_VIN))
    (pad 1 smd roundrect (at -0.7875 0) (size 0.875 0.95) (layers F.Cu F.Paste F.Mask) (roundrect_rratio 0.25)
      (net 57 "Net-(R20-Pad1)"))
    (model ${KISYS3DMOD}/Resistor_SMD.3dshapes/R_0603_1608Metric.wrl
      (at (xyz 0 0 0))
      (scale (xyz 1 1 1))
      (rotate (xyz 0 0 0))
    )
  )

  (module Resistor_SMD:R_0603_1608Metric (layer F.Cu) (tedit 5B301BBD) (tstamp 5C682EC2)
    (at 153.156 67.2 180)
    (descr "Resistor SMD 0603 (1608 Metric), square (rectangular) end terminal, IPC_7351 nominal, (Body size source: http://www.tortai-tech.com/upload/download/2011102023233369053.pdf), generated with kicad-footprint-generator")
    (tags resistor)
    (path /5CBA0E97)
    (attr smd)
    (fp_text reference R21 (at 0.248 -1.38 180) (layer F.SilkS)
      (effects (font (size 1 1) (thickness 0.15)))
    )
    (fp_text value 100k (at 0 1.43 180) (layer F.Fab)
      (effects (font (size 1 1) (thickness 0.15)))
    )
    (fp_line (start -0.8 0.4) (end -0.8 -0.4) (layer F.Fab) (width 0.1))
    (fp_line (start -0.8 -0.4) (end 0.8 -0.4) (layer F.Fab) (width 0.1))
    (fp_line (start 0.8 -0.4) (end 0.8 0.4) (layer F.Fab) (width 0.1))
    (fp_line (start 0.8 0.4) (end -0.8 0.4) (layer F.Fab) (width 0.1))
    (fp_line (start -0.162779 -0.51) (end 0.162779 -0.51) (layer F.SilkS) (width 0.12))
    (fp_line (start -0.162779 0.51) (end 0.162779 0.51) (layer F.SilkS) (width 0.12))
    (fp_line (start -1.48 0.73) (end -1.48 -0.73) (layer F.CrtYd) (width 0.05))
    (fp_line (start -1.48 -0.73) (end 1.48 -0.73) (layer F.CrtYd) (width 0.05))
    (fp_line (start 1.48 -0.73) (end 1.48 0.73) (layer F.CrtYd) (width 0.05))
    (fp_line (start 1.48 0.73) (end -1.48 0.73) (layer F.CrtYd) (width 0.05))
    (fp_text user %R (at 0 0 180) (layer F.Fab)
      (effects (font (size 0.4 0.4) (thickness 0.06)))
    )
    (pad 1 smd roundrect (at -0.7875 0 180) (size 0.875 0.95) (layers F.Cu F.Paste F.Mask) (roundrect_rratio 0.25)
      (net 1 GND))
    (pad 2 smd roundrect (at 0.7875 0 180) (size 0.875 0.95) (layers F.Cu F.Paste F.Mask) (roundrect_rratio 0.25)
      (net 57 "Net-(R20-Pad1)"))
    (model ${KISYS3DMOD}/Resistor_SMD.3dshapes/R_0603_1608Metric.wrl
      (at (xyz 0 0 0))
      (scale (xyz 1 1 1))
      (rotate (xyz 0 0 0))
    )
  )

  (module Capacitor_SMD:C_0603_1608Metric (layer F.Cu) (tedit 5B301BBE) (tstamp 5BC9E9D7)
    (at 153.606 103.186 180)
    (descr "Capacitor SMD 0603 (1608 Metric), square (rectangular) end terminal, IPC_7351 nominal, (Body size source: http://www.tortai-tech.com/upload/download/2011102023233369053.pdf), generated with kicad-footprint-generator")
    (tags capacitor)
    (path /5BAC4222)
    (attr smd)
    (fp_text reference C1 (at 3.429 0 180) (layer F.SilkS)
      (effects (font (size 1 1) (thickness 0.15)))
    )
    (fp_text value 1uF (at 0 1.43 180) (layer F.Fab)
      (effects (font (size 1 1) (thickness 0.15)))
    )
    (fp_text user %R (at 0 0 180) (layer F.Fab)
      (effects (font (size 0.4 0.4) (thickness 0.06)))
    )
    (fp_line (start 1.48 0.73) (end -1.48 0.73) (layer F.CrtYd) (width 0.05))
    (fp_line (start 1.48 -0.73) (end 1.48 0.73) (layer F.CrtYd) (width 0.05))
    (fp_line (start -1.48 -0.73) (end 1.48 -0.73) (layer F.CrtYd) (width 0.05))
    (fp_line (start -1.48 0.73) (end -1.48 -0.73) (layer F.CrtYd) (width 0.05))
    (fp_line (start -0.162779 0.51) (end 0.162779 0.51) (layer F.SilkS) (width 0.12))
    (fp_line (start -0.162779 -0.51) (end 0.162779 -0.51) (layer F.SilkS) (width 0.12))
    (fp_line (start 0.8 0.4) (end -0.8 0.4) (layer F.Fab) (width 0.1))
    (fp_line (start 0.8 -0.4) (end 0.8 0.4) (layer F.Fab) (width 0.1))
    (fp_line (start -0.8 -0.4) (end 0.8 -0.4) (layer F.Fab) (width 0.1))
    (fp_line (start -0.8 0.4) (end -0.8 -0.4) (layer F.Fab) (width 0.1))
    (pad 2 smd roundrect (at 0.7875 0 180) (size 0.875 0.95) (layers F.Cu F.Paste F.Mask) (roundrect_rratio 0.25)
      (net 1 GND))
    (pad 1 smd roundrect (at -0.7875 0 180) (size 0.875 0.95) (layers F.Cu F.Paste F.Mask) (roundrect_rratio 0.25)
      (net 2 +3V3))
    (model ${KISYS3DMOD}/Capacitor_SMD.3dshapes/C_0603_1608Metric.wrl
      (at (xyz 0 0 0))
      (scale (xyz 1 1 1))
      (rotate (xyz 0 0 0))
    )
  )

  (module Capacitor_SMD:C_0603_1608Metric (layer F.Cu) (tedit 5B301BBE) (tstamp 5BC9E9E8)
    (at 131.326 72.466 180)
    (descr "Capacitor SMD 0603 (1608 Metric), square (rectangular) end terminal, IPC_7351 nominal, (Body size source: http://www.tortai-tech.com/upload/download/2011102023233369053.pdf), generated with kicad-footprint-generator")
    (tags capacitor)
    (path /5BA9A53F)
    (attr smd)
    (fp_text reference C2 (at 0.008 1.346 180) (layer F.SilkS)
      (effects (font (size 1 1) (thickness 0.15)))
    )
    (fp_text value 1uF (at 0 1.43 180) (layer F.Fab)
      (effects (font (size 1 1) (thickness 0.15)))
    )
    (fp_line (start -0.8 0.4) (end -0.8 -0.4) (layer F.Fab) (width 0.1))
    (fp_line (start -0.8 -0.4) (end 0.8 -0.4) (layer F.Fab) (width 0.1))
    (fp_line (start 0.8 -0.4) (end 0.8 0.4) (layer F.Fab) (width 0.1))
    (fp_line (start 0.8 0.4) (end -0.8 0.4) (layer F.Fab) (width 0.1))
    (fp_line (start -0.162779 -0.51) (end 0.162779 -0.51) (layer F.SilkS) (width 0.12))
    (fp_line (start -0.162779 0.51) (end 0.162779 0.51) (layer F.SilkS) (width 0.12))
    (fp_line (start -1.48 0.73) (end -1.48 -0.73) (layer F.CrtYd) (width 0.05))
    (fp_line (start -1.48 -0.73) (end 1.48 -0.73) (layer F.CrtYd) (width 0.05))
    (fp_line (start 1.48 -0.73) (end 1.48 0.73) (layer F.CrtYd) (width 0.05))
    (fp_line (start 1.48 0.73) (end -1.48 0.73) (layer F.CrtYd) (width 0.05))
    (fp_text user %R (at 0 0 180) (layer F.Fab)
      (effects (font (size 0.4 0.4) (thickness 0.06)))
    )
    (pad 1 smd roundrect (at -0.7875 0 180) (size 0.875 0.95) (layers F.Cu F.Paste F.Mask) (roundrect_rratio 0.25)
      (net 42 /VIN))
    (pad 2 smd roundrect (at 0.7875 0 180) (size 0.875 0.95) (layers F.Cu F.Paste F.Mask) (roundrect_rratio 0.25)
      (net 1 GND))
    (model ${KISYS3DMOD}/Capacitor_SMD.3dshapes/C_0603_1608Metric.wrl
      (at (xyz 0 0 0))
      (scale (xyz 1 1 1))
      (rotate (xyz 0 0 0))
    )
  )

  (module Capacitor_SMD:C_0603_1608Metric (layer F.Cu) (tedit 5B301BBE) (tstamp 5BC9E9F9)
    (at 153.606 106.742 180)
    (descr "Capacitor SMD 0603 (1608 Metric), square (rectangular) end terminal, IPC_7351 nominal, (Body size source: http://www.tortai-tech.com/upload/download/2011102023233369053.pdf), generated with kicad-footprint-generator")
    (tags capacitor)
    (path /5BACD3E1)
    (attr smd)
    (fp_text reference C3 (at 3.429 0 180) (layer F.SilkS)
      (effects (font (size 1 1) (thickness 0.15)))
    )
    (fp_text value 8.2pF (at 0 1.43 180) (layer F.Fab)
      (effects (font (size 1 1) (thickness 0.15)))
    )
    (fp_line (start -0.8 0.4) (end -0.8 -0.4) (layer F.Fab) (width 0.1))
    (fp_line (start -0.8 -0.4) (end 0.8 -0.4) (layer F.Fab) (width 0.1))
    (fp_line (start 0.8 -0.4) (end 0.8 0.4) (layer F.Fab) (width 0.1))
    (fp_line (start 0.8 0.4) (end -0.8 0.4) (layer F.Fab) (width 0.1))
    (fp_line (start -0.162779 -0.51) (end 0.162779 -0.51) (layer F.SilkS) (width 0.12))
    (fp_line (start -0.162779 0.51) (end 0.162779 0.51) (layer F.SilkS) (width 0.12))
    (fp_line (start -1.48 0.73) (end -1.48 -0.73) (layer F.CrtYd) (width 0.05))
    (fp_line (start -1.48 -0.73) (end 1.48 -0.73) (layer F.CrtYd) (width 0.05))
    (fp_line (start 1.48 -0.73) (end 1.48 0.73) (layer F.CrtYd) (width 0.05))
    (fp_line (start 1.48 0.73) (end -1.48 0.73) (layer F.CrtYd) (width 0.05))
    (fp_text user %R (at 0 0 180) (layer F.Fab)
      (effects (font (size 0.4 0.4) (thickness 0.06)))
    )
    (pad 1 smd roundrect (at -0.7875 0 180) (size 0.875 0.95) (layers F.Cu F.Paste F.Mask) (roundrect_rratio 0.25)
      (net 2 +3V3))
    (pad 2 smd roundrect (at 0.7875 0 180) (size 0.875 0.95) (layers F.Cu F.Paste F.Mask) (roundrect_rratio 0.25)
      (net 1 GND))
    (model ${KISYS3DMOD}/Capacitor_SMD.3dshapes/C_0603_1608Metric.wrl
      (at (xyz 0 0 0))
      (scale (xyz 1 1 1))
      (rotate (xyz 0 0 0))
    )
  )

  (module Capacitor_SMD:C_0603_1608Metric (layer F.Cu) (tedit 5B301BBE) (tstamp 5BC9EA0A)
    (at 153.606 104.964 180)
    (descr "Capacitor SMD 0603 (1608 Metric), square (rectangular) end terminal, IPC_7351 nominal, (Body size source: http://www.tortai-tech.com/upload/download/2011102023233369053.pdf), generated with kicad-footprint-generator")
    (tags capacitor)
    (path /5BAD2D9C)
    (attr smd)
    (fp_text reference C4 (at 3.429 0 180) (layer F.SilkS)
      (effects (font (size 1 1) (thickness 0.15)))
    )
    (fp_text value 10uF (at 0 1.43 180) (layer F.Fab)
      (effects (font (size 1 1) (thickness 0.15)))
    )
    (fp_text user %R (at 0 0 180) (layer F.Fab)
      (effects (font (size 0.4 0.4) (thickness 0.06)))
    )
    (fp_line (start 1.48 0.73) (end -1.48 0.73) (layer F.CrtYd) (width 0.05))
    (fp_line (start 1.48 -0.73) (end 1.48 0.73) (layer F.CrtYd) (width 0.05))
    (fp_line (start -1.48 -0.73) (end 1.48 -0.73) (layer F.CrtYd) (width 0.05))
    (fp_line (start -1.48 0.73) (end -1.48 -0.73) (layer F.CrtYd) (width 0.05))
    (fp_line (start -0.162779 0.51) (end 0.162779 0.51) (layer F.SilkS) (width 0.12))
    (fp_line (start -0.162779 -0.51) (end 0.162779 -0.51) (layer F.SilkS) (width 0.12))
    (fp_line (start 0.8 0.4) (end -0.8 0.4) (layer F.Fab) (width 0.1))
    (fp_line (start 0.8 -0.4) (end 0.8 0.4) (layer F.Fab) (width 0.1))
    (fp_line (start -0.8 -0.4) (end 0.8 -0.4) (layer F.Fab) (width 0.1))
    (fp_line (start -0.8 0.4) (end -0.8 -0.4) (layer F.Fab) (width 0.1))
    (pad 2 smd roundrect (at 0.7875 0 180) (size 0.875 0.95) (layers F.Cu F.Paste F.Mask) (roundrect_rratio 0.25)
      (net 1 GND))
    (pad 1 smd roundrect (at -0.7875 0 180) (size 0.875 0.95) (layers F.Cu F.Paste F.Mask) (roundrect_rratio 0.25)
      (net 2 +3V3))
    (model ${KISYS3DMOD}/Capacitor_SMD.3dshapes/C_0603_1608Metric.wrl
      (at (xyz 0 0 0))
      (scale (xyz 1 1 1))
      (rotate (xyz 0 0 0))
    )
  )

  (module Capacitor_SMD:C_0603_1608Metric (layer F.Cu) (tedit 5B301BBE) (tstamp 5BC9EA1B)
    (at 131.58 79.324 180)
    (descr "Capacitor SMD 0603 (1608 Metric), square (rectangular) end terminal, IPC_7351 nominal, (Body size source: http://www.tortai-tech.com/upload/download/2011102023233369053.pdf), generated with kicad-footprint-generator")
    (tags capacitor)
    (path /5BA9A5CD)
    (attr smd)
    (fp_text reference C5 (at 0 -1.524 180) (layer F.SilkS)
      (effects (font (size 1 1) (thickness 0.15)))
    )
    (fp_text value 1uF (at 0 1.43 180) (layer F.Fab)
      (effects (font (size 1 1) (thickness 0.15)))
    )
    (fp_line (start -0.8 0.4) (end -0.8 -0.4) (layer F.Fab) (width 0.1))
    (fp_line (start -0.8 -0.4) (end 0.8 -0.4) (layer F.Fab) (width 0.1))
    (fp_line (start 0.8 -0.4) (end 0.8 0.4) (layer F.Fab) (width 0.1))
    (fp_line (start 0.8 0.4) (end -0.8 0.4) (layer F.Fab) (width 0.1))
    (fp_line (start -0.162779 -0.51) (end 0.162779 -0.51) (layer F.SilkS) (width 0.12))
    (fp_line (start -0.162779 0.51) (end 0.162779 0.51) (layer F.SilkS) (width 0.12))
    (fp_line (start -1.48 0.73) (end -1.48 -0.73) (layer F.CrtYd) (width 0.05))
    (fp_line (start -1.48 -0.73) (end 1.48 -0.73) (layer F.CrtYd) (width 0.05))
    (fp_line (start 1.48 -0.73) (end 1.48 0.73) (layer F.CrtYd) (width 0.05))
    (fp_line (start 1.48 0.73) (end -1.48 0.73) (layer F.CrtYd) (width 0.05))
    (fp_text user %R (at 0 0 180) (layer F.Fab)
      (effects (font (size 0.4 0.4) (thickness 0.06)))
    )
    (pad 1 smd roundrect (at -0.7875 0 180) (size 0.875 0.95) (layers F.Cu F.Paste F.Mask) (roundrect_rratio 0.25)
      (net 2 +3V3))
    (pad 2 smd roundrect (at 0.7875 0 180) (size 0.875 0.95) (layers F.Cu F.Paste F.Mask) (roundrect_rratio 0.25)
      (net 1 GND))
    (model ${KISYS3DMOD}/Capacitor_SMD.3dshapes/C_0603_1608Metric.wrl
      (at (xyz 0 0 0))
      (scale (xyz 1 1 1))
      (rotate (xyz 0 0 0))
    )
  )

  (module Connector_PinHeader_2.54mm:PinHeader_1x03_P2.54mm_Vertical (layer F.Cu) (tedit 59FED5CC) (tstamp 5BC9EA9B)
    (at 135.136 77.546 180)
    (descr "Through hole straight pin header, 1x03, 2.54mm pitch, single row")
    (tags "Through hole pin header THT 1x03 2.54mm single row")
    (path /5BAB4149)
    (fp_text reference J5 (at 0 -2.33 180) (layer F.SilkS)
      (effects (font (size 1 1) (thickness 0.15)))
    )
    (fp_text value Power (at 0 7.41 180) (layer F.Fab)
      (effects (font (size 1 1) (thickness 0.15)))
    )
    (fp_text user %R (at 0 2.54 -90) (layer F.Fab)
      (effects (font (size 1 1) (thickness 0.15)))
    )
    (fp_line (start 1.8 -1.8) (end -1.8 -1.8) (layer F.CrtYd) (width 0.05))
    (fp_line (start 1.8 6.85) (end 1.8 -1.8) (layer F.CrtYd) (width 0.05))
    (fp_line (start -1.8 6.85) (end 1.8 6.85) (layer F.CrtYd) (width 0.05))
    (fp_line (start -1.8 -1.8) (end -1.8 6.85) (layer F.CrtYd) (width 0.05))
    (fp_line (start -1.33 -1.33) (end 0 -1.33) (layer F.SilkS) (width 0.12))
    (fp_line (start -1.33 0) (end -1.33 -1.33) (layer F.SilkS) (width 0.12))
    (fp_line (start -1.33 1.27) (end 1.33 1.27) (layer F.SilkS) (width 0.12))
    (fp_line (start 1.33 1.27) (end 1.33 6.41) (layer F.SilkS) (width 0.12))
    (fp_line (start -1.33 1.27) (end -1.33 6.41) (layer F.SilkS) (width 0.12))
    (fp_line (start -1.33 6.41) (end 1.33 6.41) (layer F.SilkS) (width 0.12))
    (fp_line (start -1.27 -0.635) (end -0.635 -1.27) (layer F.Fab) (width 0.1))
    (fp_line (start -1.27 6.35) (end -1.27 -0.635) (layer F.Fab) (width 0.1))
    (fp_line (start 1.27 6.35) (end -1.27 6.35) (layer F.Fab) (width 0.1))
    (fp_line (start 1.27 -1.27) (end 1.27 6.35) (layer F.Fab) (width 0.1))
    (fp_line (start -0.635 -1.27) (end 1.27 -1.27) (layer F.Fab) (width 0.1))
    (pad 3 thru_hole oval (at 0 5.08 180) (size 1.7 1.7) (drill 1) (layers *.Cu *.Mask)
      (net 42 /VIN))
    (pad 2 thru_hole oval (at 0 2.54 180) (size 1.7 1.7) (drill 1) (layers *.Cu *.Mask)
      (net 1 GND))
    (pad 1 thru_hole rect (at 0 0 180) (size 1.7 1.7) (drill 1) (layers *.Cu *.Mask)
      (net 2 +3V3))
    (model ${KISYS3DMOD}/Connector_PinHeader_2.54mm.3dshapes/PinHeader_1x03_P2.54mm_Vertical.wrl
      (at (xyz 0 0 0))
      (scale (xyz 1 1 1))
      (rotate (xyz 0 0 0))
    )
  )

  (module Resistor_SMD:R_0603_1608Metric (layer F.Cu) (tedit 5B301BBD) (tstamp 5BC9FB26)
    (at 140.326 62.578 270)
